  0  64 128 311 298 312 124 351 260  63 391  58 191 133  61 218  74 252 239 
 64   0 121 319 299 318 117 347 264  61 380  51 186 127   7 215  62 263 236 
128 121   0 320 312 308  75 354 279 137 393 131 191 142 122 199 127 262 252 
311 319 320   0 336 373 327 389 311 309 411 309 346 316 317 319 307 361 303 
298 299 312 336   0 345 317 337 298 299 380 297 303 308 300 294 305 308 300 
312 318 308 373 345   0 324 368 340 320 412 319 314 330 314 317 315 298 333 
124 117  75 327 317 324   0 347 274 118 404 116 186 131 120 205 119 256 252 
351 347 354 389 337 368 347   0 338 344 416 350 326 357 347 321 341 298 339 
260 264 279 311 298 340 274 338   0 259 380 265 276 263 261 250 263 275 189 
 63  61 137 309 299 320 118 344 259   0 395  55 197 131  59 216  52 254 233 
391 380 393 411 380 412 404 416 380 395   0 394 400 401 380 389 383 379 370 
 58  51 131 309 297 319 116 350 265  55 394   0 185 127  50 217  62 255 236 
191 186 191 346 303 314 186 326 276 197 400 185   0 206 187 210 190 239 272 
133 127 142 316 308 330 131 357 263 131 401 127 206   0 125 212 130 271 246 
 61   7 122 317 300 314 120 347 261  59 380  50 187 125   0 215  59 264 235 
218 215 199 319 294 317 205 321 250 216 389 217 210 212 215   0 213 220 249 
 74  62 127 307 305 315 119 341 263  52 383  62 190 130  59 213   0 255 244 
252 263 262 361 308 298 256 298 275 254 379 255 239 271 264 220 255   0 267 
239 236 252 303 300 333 252 339 189 233 370 236 272 246 235 249 244 267   0 
